this file contains the clauses for constraint 2
-95 -96 0 
-95 -97 0 
-95 -98 0 
-95 -99 0 
-95 -100 0 
-95 -101 0 
-95 -102 0 
-96 -97 0 
-96 -98 0 
-96 -99 0 
-96 -100 0 
-96 -101 0 
-96 -102 0 
-97 -98 0 
-97 -99 0 
-97 -100 0 
-97 -101 0 
-97 -102 0 
-98 -99 0 
-98 -100 0 
-98 -101 0 
-98 -102 0 
-99 -100 0 
-99 -101 0 
-99 -102 0 
-100 -101 0 
-100 -102 0 
-101 -102 0 
-103 -104 0 
-103 -105 0 
-103 -106 0 
-103 -107 0 
-103 -108 0 
-103 -109 0 
-103 -110 0 
-104 -105 0 
-104 -106 0 
-104 -107 0 
-104 -108 0 
-104 -109 0 
-104 -110 0 
-105 -106 0 
-105 -107 0 
-105 -108 0 
-105 -109 0 
-105 -110 0 
-106 -107 0 
-106 -108 0 
-106 -109 0 
-106 -110 0 
-107 -108 0 
-107 -109 0 
-107 -110 0 
-108 -109 0 
-108 -110 0 
-109 -110 0 
-111 -112 0 
-111 -113 0 
-111 -114 0 
-111 -115 0 
-111 -116 0 
-111 -117 0 
-111 -118 0 
-112 -113 0 
-112 -114 0 
-112 -115 0 
-112 -116 0 
-112 -117 0 
-112 -118 0 
-113 -114 0 
-113 -115 0 
-113 -116 0 
-113 -117 0 
-113 -118 0 
-114 -115 0 
-114 -116 0 
-114 -117 0 
-114 -118 0 
-115 -116 0 
-115 -117 0 
-115 -118 0 
-116 -117 0 
-116 -118 0 
-117 -118 0 
-119 -120 0 
-119 -121 0 
-119 -122 0 
-119 -123 0 
-119 -124 0 
-119 -125 0 
-119 -126 0 
-120 -121 0 
-120 -122 0 
-120 -123 0 
-120 -124 0 
-120 -125 0 
-120 -126 0 
-121 -122 0 
-121 -123 0 
-121 -124 0 
-121 -125 0 
-121 -126 0 
-122 -123 0 
-122 -124 0 
-122 -125 0 
-122 -126 0 
-123 -124 0 
-123 -125 0 
-123 -126 0 
-124 -125 0 
-124 -126 0 
-125 -126 0 
