this file contains the clauses for constraint 3
-35 -36 0 
-35 -37 0 
-35 -38 0 
-35 -39 0 
-35 -40 0 
-35 -41 0 
-35 -42 0 
-35 -43 0 
-35 -44 0 
-35 -45 0 
-35 -46 0 
-36 -37 0 
-36 -38 0 
-36 -39 0 
-36 -40 0 
-36 -41 0 
-36 -42 0 
-36 -43 0 
-36 -44 0 
-36 -45 0 
-36 -46 0 
-37 -38 0 
-37 -39 0 
-37 -40 0 
-37 -41 0 
-37 -42 0 
-37 -43 0 
-37 -44 0 
-37 -45 0 
-37 -46 0 
-38 -39 0 
-38 -40 0 
-38 -41 0 
-38 -42 0 
-38 -43 0 
-38 -44 0 
-38 -45 0 
-38 -46 0 
-39 -40 0 
-39 -41 0 
-39 -42 0 
-39 -43 0 
-39 -44 0 
-39 -45 0 
-39 -46 0 
-40 -41 0 
-40 -42 0 
-40 -43 0 
-40 -44 0 
-40 -45 0 
-40 -46 0 
-41 -42 0 
-41 -43 0 
-41 -44 0 
-41 -45 0 
-41 -46 0 
-42 -43 0 
-42 -44 0 
-42 -45 0 
-42 -46 0 
-43 -44 0 
-43 -45 0 
-43 -46 0 
-44 -45 0 
-44 -46 0 
-45 -46 0 
35 36 37 38 39 40 41 42 43 44 45 46 0 
-47 -48 0 
-47 -49 0 
-47 -50 0 
-47 -51 0 
-47 -52 0 
-47 -53 0 
-47 -54 0 
-47 -55 0 
-47 -56 0 
-47 -57 0 
-47 -58 0 
-48 -49 0 
-48 -50 0 
-48 -51 0 
-48 -52 0 
-48 -53 0 
-48 -54 0 
-48 -55 0 
-48 -56 0 
-48 -57 0 
-48 -58 0 
-49 -50 0 
-49 -51 0 
-49 -52 0 
-49 -53 0 
-49 -54 0 
-49 -55 0 
-49 -56 0 
-49 -57 0 
-49 -58 0 
-50 -51 0 
-50 -52 0 
-50 -53 0 
-50 -54 0 
-50 -55 0 
-50 -56 0 
-50 -57 0 
-50 -58 0 
-51 -52 0 
-51 -53 0 
-51 -54 0 
-51 -55 0 
-51 -56 0 
-51 -57 0 
-51 -58 0 
-52 -53 0 
-52 -54 0 
-52 -55 0 
-52 -56 0 
-52 -57 0 
-52 -58 0 
-53 -54 0 
-53 -55 0 
-53 -56 0 
-53 -57 0 
-53 -58 0 
-54 -55 0 
-54 -56 0 
-54 -57 0 
-54 -58 0 
-55 -56 0 
-55 -57 0 
-55 -58 0 
-56 -57 0 
-56 -58 0 
-57 -58 0 
47 48 49 50 51 52 53 54 55 56 57 58 0 
-59 -60 0 
-59 -61 0 
-59 -62 0 
-59 -63 0 
-59 -64 0 
-59 -65 0 
-59 -66 0 
-59 -67 0 
-59 -68 0 
-59 -69 0 
-59 -70 0 
-60 -61 0 
-60 -62 0 
-60 -63 0 
-60 -64 0 
-60 -65 0 
-60 -66 0 
-60 -67 0 
-60 -68 0 
-60 -69 0 
-60 -70 0 
-61 -62 0 
-61 -63 0 
-61 -64 0 
-61 -65 0 
-61 -66 0 
-61 -67 0 
-61 -68 0 
-61 -69 0 
-61 -70 0 
-62 -63 0 
-62 -64 0 
-62 -65 0 
-62 -66 0 
-62 -67 0 
-62 -68 0 
-62 -69 0 
-62 -70 0 
-63 -64 0 
-63 -65 0 
-63 -66 0 
-63 -67 0 
-63 -68 0 
-63 -69 0 
-63 -70 0 
-64 -65 0 
-64 -66 0 
-64 -67 0 
-64 -68 0 
-64 -69 0 
-64 -70 0 
-65 -66 0 
-65 -67 0 
-65 -68 0 
-65 -69 0 
-65 -70 0 
-66 -67 0 
-66 -68 0 
-66 -69 0 
-66 -70 0 
-67 -68 0 
-67 -69 0 
-67 -70 0 
-68 -69 0 
-68 -70 0 
-69 -70 0 
59 60 61 62 63 64 65 66 67 68 69 70 0 
-71 -72 0 
-71 -73 0 
-71 -74 0 
-71 -75 0 
-71 -76 0 
-71 -77 0 
-71 -78 0 
-71 -79 0 
-71 -80 0 
-71 -81 0 
-71 -82 0 
-72 -73 0 
-72 -74 0 
-72 -75 0 
-72 -76 0 
-72 -77 0 
-72 -78 0 
-72 -79 0 
-72 -80 0 
-72 -81 0 
-72 -82 0 
-73 -74 0 
-73 -75 0 
-73 -76 0 
-73 -77 0 
-73 -78 0 
-73 -79 0 
-73 -80 0 
-73 -81 0 
-73 -82 0 
-74 -75 0 
-74 -76 0 
-74 -77 0 
-74 -78 0 
-74 -79 0 
-74 -80 0 
-74 -81 0 
-74 -82 0 
-75 -76 0 
-75 -77 0 
-75 -78 0 
-75 -79 0 
-75 -80 0 
-75 -81 0 
-75 -82 0 
-76 -77 0 
-76 -78 0 
-76 -79 0 
-76 -80 0 
-76 -81 0 
-76 -82 0 
-77 -78 0 
-77 -79 0 
-77 -80 0 
-77 -81 0 
-77 -82 0 
-78 -79 0 
-78 -80 0 
-78 -81 0 
-78 -82 0 
-79 -80 0 
-79 -81 0 
-79 -82 0 
-80 -81 0 
-80 -82 0 
-81 -82 0 
71 72 73 74 75 76 77 78 79 80 81 82 0 
-83 -84 0 
-83 -85 0 
-83 -86 0 
-83 -87 0 
-83 -88 0 
-83 -89 0 
-83 -90 0 
-83 -91 0 
-83 -92 0 
-83 -93 0 
-83 -94 0 
-84 -85 0 
-84 -86 0 
-84 -87 0 
-84 -88 0 
-84 -89 0 
-84 -90 0 
-84 -91 0 
-84 -92 0 
-84 -93 0 
-84 -94 0 
-85 -86 0 
-85 -87 0 
-85 -88 0 
-85 -89 0 
-85 -90 0 
-85 -91 0 
-85 -92 0 
-85 -93 0 
-85 -94 0 
-86 -87 0 
-86 -88 0 
-86 -89 0 
-86 -90 0 
-86 -91 0 
-86 -92 0 
-86 -93 0 
-86 -94 0 
-87 -88 0 
-87 -89 0 
-87 -90 0 
-87 -91 0 
-87 -92 0 
-87 -93 0 
-87 -94 0 
-88 -89 0 
-88 -90 0 
-88 -91 0 
-88 -92 0 
-88 -93 0 
-88 -94 0 
-89 -90 0 
-89 -91 0 
-89 -92 0 
-89 -93 0 
-89 -94 0 
-90 -91 0 
-90 -92 0 
-90 -93 0 
-90 -94 0 
-91 -92 0 
-91 -93 0 
-91 -94 0 
-92 -93 0 
-92 -94 0 
-93 -94 0 
83 84 85 86 87 88 89 90 91 92 93 94 0 
