this file contains the clauses for constraint 5
-35 18 0 
35 -18 0 
-35 1 0 
35 -1 0 
-36 18 0 
36 -18 0 
-36 -1 0 
36 1 0 
-37 18 0 
37 -18 0 
-37 2 0 
37 -2 0 
-38 18 0 
38 -18 0 
-38 -2 0 
38 2 0 
-39 18 0 
39 -18 0 
-39 3 0 
39 -3 0 
-40 18 0 
40 -18 0 
-40 -3 0 
40 3 0 
-41 18 0 
41 -18 0 
-41 4 0 
41 -4 0 
-42 18 0 
42 -18 0 
-42 -4 0 
42 4 0 
-43 18 0 
43 -18 0 
-43 5 0 
43 -5 0 
-44 18 0 
44 -18 0 
-44 -5 0 
44 5 0 
-18 45 0 
18 -45 0 
-45 0 
-18 46 0 
18 -46 0 
46 0 
-47 19 0 
47 -19 0 
-47 1 0 
47 -1 0 
-48 19 0 
48 -19 0 
-48 -1 0 
48 1 0 
-49 19 0 
49 -19 0 
-49 2 0 
49 -2 0 
-50 19 0 
50 -19 0 
-50 -2 0 
50 2 0 
-51 19 0 
51 -19 0 
-51 3 0 
51 -3 0 
-52 19 0 
52 -19 0 
-52 -3 0 
52 3 0 
-53 19 0 
53 -19 0 
-53 4 0 
53 -4 0 
-54 19 0 
54 -19 0 
-54 -4 0 
54 4 0 
-55 19 0 
55 -19 0 
-55 5 0 
55 -5 0 
-56 19 0 
56 -19 0 
-56 -5 0 
56 5 0 
-19 57 0 
19 -57 0 
-57 0 
-19 58 0 
19 -58 0 
58 0 
-59 20 0 
59 -20 0 
-59 1 0 
59 -1 0 
-60 20 0 
60 -20 0 
-60 -1 0 
60 1 0 
-61 20 0 
61 -20 0 
-61 2 0 
61 -2 0 
-62 20 0 
62 -20 0 
-62 -2 0 
62 2 0 
-63 20 0 
63 -20 0 
-63 3 0 
63 -3 0 
-64 20 0 
64 -20 0 
-64 -3 0 
64 3 0 
-65 20 0 
65 -20 0 
-65 4 0 
65 -4 0 
-66 20 0 
66 -20 0 
-66 -4 0 
66 4 0 
-67 20 0 
67 -20 0 
-67 5 0 
67 -5 0 
-68 20 0 
68 -20 0 
-68 -5 0 
68 5 0 
-20 69 0 
20 -69 0 
-69 0 
-20 70 0 
20 -70 0 
70 0 
-71 21 0 
71 -21 0 
-71 1 0 
71 -1 0 
-72 21 0 
72 -21 0 
-72 -1 0 
72 1 0 
-73 21 0 
73 -21 0 
-73 2 0 
73 -2 0 
-74 21 0 
74 -21 0 
-74 -2 0 
74 2 0 
-75 21 0 
75 -21 0 
-75 3 0 
75 -3 0 
-76 21 0 
76 -21 0 
-76 -3 0 
76 3 0 
-77 21 0 
77 -21 0 
-77 4 0 
77 -4 0 
-78 21 0 
78 -21 0 
-78 -4 0 
78 4 0 
-79 21 0 
79 -21 0 
-79 5 0 
79 -5 0 
-80 21 0 
80 -21 0 
-80 -5 0 
80 5 0 
-21 81 0 
21 -81 0 
-81 0 
-21 82 0 
21 -82 0 
82 0 
-83 22 0 
83 -22 0 
-83 1 0 
83 -1 0 
-84 22 0 
84 -22 0 
-84 -1 0 
84 1 0 
-85 22 0 
85 -22 0 
-85 2 0 
85 -2 0 
-86 22 0 
86 -22 0 
-86 -2 0 
86 2 0 
-87 22 0 
87 -22 0 
-87 3 0 
87 -3 0 
-88 22 0 
88 -22 0 
-88 -3 0 
88 3 0 
-89 22 0 
89 -22 0 
-89 4 0 
89 -4 0 
-90 22 0 
90 -22 0 
-90 -4 0 
90 4 0 
-91 22 0 
91 -22 0 
-91 5 0 
91 -5 0 
-92 22 0 
92 -22 0 
-92 -5 0 
92 5 0 
-22 93 0 
22 -93 0 
-93 0 
-22 94 0 
22 -94 0 
94 0 
